0 0.4455 0.6496666666666666 0.01075 0.010666666666666666
0 0.43975 0.5766666666666667 0.00525 0.009666666666666667
0 0.434 0.5806666666666667 0.00525 0.005
0 0.424 0.5903333333333334 0.0065 0.009
0 0.41325 0.543 0.012 0.013333333333333334
0 0.41075 0.5523333333333333 0.0115 0.006666666666666667
0 0.4045 0.5326666666666666 0.00675 0.006333333333333333
0 0.446 0.5306666666666666 0.00525 0.007666666666666666
0 0.4235 0.501 0.00775 0.013333333333333334
0 0.408 0.49533333333333335 0.0085 0.01633333333333333
0 0.405 0.479 0.0135 0.013666666666666667
0 0.392 0.489 0.01025 0.014666666666666666
0 0.39475 0.5103333333333333 0.0095 0.006666666666666667
0 0.3945 0.5223333333333333 0.00625 0.013333333333333334
0 0.383 0.5163333333333333 0.00825 0.013333333333333334
0 0.38025 0.3973333333333333 0.0085 0.013666666666666667
0 0.39025 0.415 0.00475 0.007
0 0.393 0.344 0.009 0.01
0 0.406 0.32566666666666666 0.009 0.013666666666666667
0 0.39675 0.32366666666666666 0.00825 0.011333333333333334
0 0.38575 0.32366666666666666 0.00875 0.01
0 0.436 0.31966666666666665 0.00675 0.008
0 0.42925 0.286 0.0095 0.011333333333333334
0 0.3655 0.24666666666666667 0.00675 0.016666666666666666
0 0.42875 0.25033333333333335 0.0105 0.016666666666666666
0 0.453 0.284 0.0095 0.011
0 0.44275 0.232 0.009 0.008666666666666666
0 0.382 0.16966666666666666 0.007 0.008333333333333333
0 0.393 0.17033333333333334 0.00625 0.007333333333333333
0 0.3915 0.145 0.008 0.014333333333333333
0 0.411 0.155 0.00525 0.006666666666666667
0 0.37275 0.083 0.00925 0.011333333333333334
0 0.4095 0.045 0.0155 0.016
0 0.46825 0.020666666666666667 0.0085 0.010333333333333333
0 0.4895 0.02033333333333333 0.0075 0.008333333333333333
0 0.493 0.07233333333333333 0.00775 0.008333333333333333
0 0.476 0.121 0.0115 0.010666666666666666
0 0.4705 0.11533333333333333 0.00625 0.005
0 0.504 0.146 0.01025 0.011666666666666667
0 0.53125 0.14966666666666667 0.00825 0.010333333333333333
0 0.53475 0.15833333333333333 0.00575 0.006666666666666667
0 0.48175 0.15733333333333333 0.00925 0.011666666666666667
0 0.4645 0.17166666666666666 0.0105 0.010666666666666666
0 0.46725 0.16066666666666668 0.009 0.009
0 0.548 0.198 0.00525 0.01
0 0.51 0.19233333333333333 0.00825 0.008333333333333333
0 0.4875 0.22 0.006 0.014
0 0.5195 0.22 0.01275 0.009333333333333334
0 0.52175 0.22933333333333333 0.009 0.008333333333333333
0 0.46275 0.225 0.00725 0.010333333333333333
0 0.519 0.242 0.0095 0.008333333333333333
0 0.515 0.26033333333333336 0.00825 0.01
0 0.524 0.302 0.01 0.016666666666666666
0 0.5495 0.31066666666666665 0.01025 0.019666666666666666
0 0.514 0.2966666666666667 0.00725 0.009666666666666667
0 0.49325 0.30233333333333334 0.0115 0.018666666666666668
0 0.4645 0.30133333333333334 0.01075 0.012
0 0.478 0.2966666666666667 0.015 0.014333333333333333
0 0.45875 0.27066666666666667 0.0055 0.006
0 0.476 0.24966666666666668 0.008 0.009666666666666667
0 0.474 0.23766666666666666 0.00525 0.009666666666666667
0 0.46125 0.25333333333333335 0.004 0.008
0 0.4575 0.259 0.005 0.006333333333333333
0 0.53575 0.37633333333333335 0.01275 0.019
0 0.49725 0.369 0.01175 0.016
0 0.46275 0.36466666666666664 0.00675 0.012666666666666666
0 0.48225 0.352 0.00975 0.014666666666666666
0 0.459 0.37933333333333336 0.0095 0.01
0 0.47375 0.3626666666666667 0.007 0.012666666666666666
0 0.537 0.4043333333333333 0.00675 0.013
0 0.4915 0.4 0.011 0.021666666666666667
0 0.471 0.4116666666666667 0.0115 0.017333333333333333
0 0.49775 0.432 0.01 0.008666666666666666
0 0.46725 0.433 0.007 0.012333333333333333
0 0.47325 0.4543333333333333 0.006 0.006666666666666667
0 0.521 0.42933333333333334 0.006 0.01
0 0.522 0.45766666666666667 0.01125 0.010666666666666666
0 0.508 0.474 0.009 0.012333333333333333
0 0.499 0.4846666666666667 0.00625 0.014333333333333333
0 0.478 0.48733333333333334 0.011 0.017666666666666667
0 0.47025 0.494 0.00875 0.017666666666666667
0 0.51525 0.516 0.0105 0.011
0 0.54075 0.491 0.01275 0.022333333333333334
0 0.5315 0.5093333333333333 0.00575 0.007333333333333333
0 0.515 0.542 0.0085 0.009666666666666667
0 0.54925 0.5586666666666666 0.00775 0.006333333333333333
0 0.566 0.49866666666666665 0.00825 0.007333333333333333
0 0.4995 0.5696666666666667 0.0075 0.009666666666666667
0 0.488 0.5686666666666667 0.007 0.009333333333333334
0 0.4825 0.522 0.00675 0.005666666666666667
0 0.5545 0.6493333333333333 0.00875 0.015333333333333332
0 0.53025 0.6433333333333333 0.01125 0.013333333333333334
0 0.4775 0.5816666666666667 0.0055 0.008333333333333333
0 0.465 0.6216666666666667 0.01 0.013333333333333334
0 0.469 0.634 0.01025 0.010666666666666666
0 0.558 0.6716666666666666 0.01375 0.015666666666666666
0 0.543 0.7453333333333333 0.013 0.019
0 0.561 0.739 0.011 0.017
0 0.57175 0.7523333333333333 0.01 0.017333333333333333
0 0.51425 0.73 0.0075 0.009
0 0.479 0.7783333333333333 0.008 0.014
0 0.50075 0.783 0.01125 0.014
0 0.52825 0.8 0.0085 0.010333333333333333
0 0.50375 0.20566666666666666 0.0075 0.017333333333333333
0 0.52325 0.13066666666666665 0.00925 0.007666666666666666
0 0.586 0.04933333333333333 0.0135 0.017
0 0.627 0.025333333333333333 0.006 0.008666666666666666
0 0.627 0.036333333333333336 0.00875 0.011
0 0.68875 0.023333333333333334 0.01225 0.021
0 0.5975 0.06866666666666667 0.01 0.013666666666666667
0 0.59025 0.069 0.00475 0.009333333333333334
0 0.57975 0.086 0.011 0.008666666666666666
0 0.64625 0.06133333333333333 0.00575 0.007333333333333333
0 0.65075 0.101 0.009 0.012666666666666666
0 0.63725 0.11266666666666666 0.0065 0.011333333333333334
0 0.61425 0.11466666666666667 0.015 0.016
0 0.6355 0.15 0.0085 0.012
0 0.6025 0.155 0.0085 0.010666666666666666
0 0.60275 0.16633333333333333 0.0115 0.011333333333333334
0 0.60775 0.197 0.0125 0.015333333333333332
0 0.66725 0.23533333333333334 0.0125 0.011333333333333334
0 0.66625 0.216 0.0065 0.012
0 0.63175 0.22166666666666668 0.01175 0.016
0 0.66225 0.24966666666666668 0.012 0.016666666666666666
0 0.61025 0.25066666666666665 0.0105 0.009
0 0.607 0.2633333333333333 0.01075 0.013333333333333334
0 0.5885 0.244 0.0095 0.010333333333333333
0 0.58975 0.22733333333333333 0.006 0.006333333333333333
0 0.59225 0.25633333333333336 0.006 0.012
0 0.6715 0.2743333333333333 0.00925 0.017333333333333333
0 0.61575 0.29833333333333334 0.01025 0.012666666666666666
0 0.62525 0.26466666666666666 0.0085 0.009
0 0.63 0.3 0.0105 0.012
0 0.65225 0.2926666666666667 0.00475 0.007
0 0.64975 0.247 0.0095 0.009333333333333334
0 0.62725 0.275 0.00625 0.010333333333333333
0 0.6775 0.321 0.01 0.013
0 0.65425 0.3343333333333333 0.0065 0.01
0 0.62575 0.3456666666666667 0.01 0.010666666666666666
0 0.6165 0.3496666666666667 0.00875 0.012333333333333333
0 0.6165 0.3373333333333333 0.01225 0.010333333333333333
0 0.59875 0.3466666666666667 0.00775 0.008
0 0.68475 0.41 0.00625 0.012666666666666666
0 0.65625 0.457 0.0095 0.018
0 0.59975 0.465 0.012 0.017333333333333333
0 0.60225 0.41133333333333333 0.00625 0.007666666666666666
0 0.63875 0.48933333333333334 0.00975 0.009333333333333334
0 0.63625 0.5023333333333333 0.00825 0.012333333333333333
0 0.658 0.4713333333333333 0.011 0.014
0 0.66875 0.537 0.01225 0.012333333333333333
0 0.67275 0.477 0.00575 0.004
0 0.61075 0.5246666666666666 0.01225 0.015
0 0.6235 0.5026666666666667 0.004 0.008666666666666666
0 0.691 0.5696666666666667 0.00925 0.015333333333333332
0 0.62725 0.6463333333333333 0.0105 0.012
0 0.63425 0.6383333333333333 0.00575 0.009333333333333334
0 0.655 0.67 0.01575 0.020666666666666667
0 0.63175 0.692 0.011 0.014333333333333333
0 0.576 0.6323333333333333 0.01225 0.016
0 0.671 0.6916666666666667 0.00825 0.009666666666666667
0 0.62775 0.731 0.00975 0.015666666666666666
0 0.596 0.7176666666666667 0.00525 0.009
0 0.5895 0.7293333333333333 0.007 0.008
0 0.58375 0.7006666666666667 0.009 0.01
0 0.64125 0.7366666666666667 0.0125 0.012666666666666666
0 0.68775 0.8243333333333334 0.00975 0.015666666666666666
0 0.602 0.8423333333333334 0.0105 0.009333333333333334
0 0.64475 0.8036666666666666 0.008 0.008333333333333333
0 0.59825 0.335 0.01225 0.012333333333333333
0 0.732 0.12966666666666668 0.00725 0.012333333333333333
0 0.725 0.09233333333333334 0.00675 0.01
0 0.701 0.13066666666666665 0.01425 0.015666666666666666
0 0.70375 0.224 0.00975 0.012666666666666666
0 0.71775 0.3506666666666667 0.0085 0.010666666666666666
0 0.744 0.386 0.00675 0.011666666666666667
0 0.75175 0.39266666666666666 0.00675 0.011
0 0.75325 0.4236666666666667 0.009 0.014
0 0.754 0.434 0.0115 0.009666666666666667
0 0.7575 0.4876666666666667 0.00725 0.015666666666666666
0 0.78 0.471 0.005 0.011
0 0.7705 0.5226666666666666 0.01 0.010666666666666666
0 0.76 0.555 0.00775 0.011
0 0.76175 0.611 0.0085 0.01
0 0.70175 0.54 0.00575 0.009333333333333334
0 0.78375 0.8216666666666667 0.01275 0.014666666666666666
0 0.83 0.7516666666666667 0.009 0.013666666666666667
0 0.82325 0.7126666666666667 0.00975 0.018
0 0.812 0.7163333333333334 0.00575 0.012666666666666666
0 0.819 0.646 0.012 0.023
0 0.8145 0.5956666666666667 0.00925 0.014666666666666666
0 0.82275 0.6233333333333333 0.012 0.019666666666666666
0 0.81175 0.6056666666666667 0.012 0.014333333333333333
0 0.7755 0.5976666666666667 0.013 0.019666666666666666
0 0.77875 0.6063333333333333 0.011 0.015333333333333332
0 0.7995 0.515 0.013 0.014
0 0.802 0.5416666666666666 0.008 0.016
0 0.79725 0.5006666666666667 0.0045 0.007666666666666666
0 0.80275 0.4716666666666667 0.009 0.014
0 0.79225 0.4703333333333333 0.0075 0.015333333333333332
0 0.781 0.42333333333333334 0.00725 0.004666666666666667
0 0.782 0.45166666666666666 0.00625 0.012
0 0.78375 0.495 0.0095 0.012