0 0.61225 0.5726666666666667 0.008 0.014666666666666666
0 0.5575 0.5803333333333334 0.007 0.006666666666666667
0 0.5605 0.588 0.004 0.006666666666666667
0 0.56775 0.6013333333333334 0.007 0.008666666666666666
0 0.53225 0.6156666666666667 0.01 0.016
0 0.53925 0.619 0.005 0.015333333333333332
0 0.5245 0.6273333333333333 0.005 0.009333333333333334
0 0.523 0.572 0.006 0.006666666666666667
0 0.50075 0.602 0.01 0.010666666666666666
0 0.4965 0.6226666666666667 0.012 0.011333333333333334
0 0.48425 0.6266666666666667 0.01 0.018
0 0.49175 0.644 0.011 0.013333333333333334
0 0.50775 0.6403333333333333 0.005 0.012666666666666666
0 0.51675 0.6406666666666667 0.01 0.008
0 0.51225 0.656 0.01 0.010666666666666666
0 0.423 0.6596666666666666 0.01 0.011333333333333334
0 0.43625 0.6463333333333333 0.005 0.006666666666666667
0 0.383 0.6426666666666667 0.0075 0.012
0 0.36925 0.6253333333333333 0.01 0.012
0 0.36775 0.6376666666666667 0.0085 0.010666666666666666
0 0.36775 0.6523333333333333 0.0075 0.012
0 0.36475 0.5853333333333334 0.006 0.009333333333333334
0 0.3395 0.5943333333333334 0.0085 0.012666666666666666
0 0.31 0.6793333333333333 0.0125 0.009333333333333334
0 0.31275 0.595 0.0125 0.014
0 0.338 0.5626666666666666 0.008 0.012666666666666666
0 0.299 0.5763333333333334 0.0065 0.012
0 0.25225 0.6573333333333333 0.006 0.009333333333333334
0 0.25275 0.6426666666666667 0.0055 0.008
0 0.23375 0.6446666666666667 0.011 0.010666666666666666
0 0.24125 0.6186666666666667 0.005 0.006666666666666667
0 0.18725 0.6696666666666666 0.0085 0.012
0 0.15875 0.6206666666666667 0.012 0.020666666666666667
0 0.1405 0.5423333333333333 0.008 0.011333333333333334
0 0.14025 0.514 0.006 0.01
0 0.17925 0.5093333333333333 0.006 0.010666666666666666
0 0.21575 0.532 0.008 0.015333333333333332
0 0.2115 0.5393333333333333 0.004 0.008
0 0.2345 0.49466666666666664 0.009 0.013333333333333334
0 0.23725 0.4583333333333333 0.008 0.010666666666666666
0 0.24375 0.45366666666666666 0.005 0.008
0 0.243 0.5243333333333333 0.009 0.012
0 0.25375 0.5473333333333333 0.008 0.014
0 0.2455 0.5436666666666666 0.007 0.012
0 0.2735 0.436 0.0075 0.006666666666666667
0 0.26925 0.4866666666666667 0.006 0.010666666666666666
0 0.29 0.5166666666666667 0.0105 0.008
0 0.29 0.474 0.007 0.017333333333333333
0 0.297 0.471 0.006 0.012
0 0.29375 0.5496666666666666 0.008 0.009333333333333334
0 0.3065 0.4746666666666667 0.006 0.012666666666666666
0 0.32025 0.48 0.0075 0.010666666666666666
0 0.3515 0.468 0.0125 0.013333333333333334
0 0.358 0.434 0.015 0.013333333333333334
0 0.3475 0.48133333333333334 0.007 0.009333333333333334
0 0.35175 0.509 0.014 0.015333333333333332
0 0.351 0.5473333333333333 0.009 0.014666666666666666
0 0.3475 0.5293333333333333 0.011 0.02
0 0.328 0.555 0.0045 0.007333333333333333
0 0.31225 0.532 0.007 0.010666666666666666
0 0.30325 0.5346666666666666 0.007 0.006666666666666667
0 0.315 0.5516666666666666 0.006 0.005333333333333333
0 0.31925 0.5566666666666666 0.005 0.006666666666666667
0 0.40725 0.4523333333333333 0.014 0.017333333333333333
0 0.40175 0.5036666666666667 0.012 0.016
0 0.3985 0.5496666666666666 0.0095 0.009333333333333334
0 0.389 0.5236666666666666 0.011 0.013333333333333334
0 0.4095 0.5546666666666666 0.0075 0.012666666666666666
0 0.397 0.535 0.0095 0.009333333333333334
0 0.42825 0.45066666666666666 0.01 0.009333333333333334
0 0.425 0.5113333333333333 0.016 0.014666666666666666
0 0.43375 0.5386666666666666 0.013 0.015333333333333332
0 0.449 0.503 0.0065 0.013333333333333334
0 0.44975 0.5436666666666666 0.009 0.009333333333333334
0 0.46575 0.5356666666666666 0.005 0.008
0 0.447 0.472 0.0075 0.008
0 0.46825 0.4706666666666667 0.008 0.014666666666666666
0 0.4805 0.48933333333333334 0.009 0.012
0 0.4885 0.5013333333333333 0.011 0.008
0 0.4905 0.5293333333333333 0.013 0.014666666666666666
0 0.4955 0.5396666666666666 0.013 0.012
0 0.512 0.4796666666666667 0.008 0.014
0 0.49325 0.44566666666666666 0.017 0.017333333333333333
0 0.507 0.458 0.0055 0.008
0 0.5315 0.48 0.007 0.011333333333333334
0 0.544 0.43433333333333335 0.005 0.010666666666666666
0 0.499 0.412 0.0055 0.010666666666666666
0 0.55225 0.5006666666666667 0.007 0.01
0 0.5515 0.516 0.007 0.009333333333333334
0 0.5165 0.5233333333333333 0.004 0.009333333333333334
0 0.612 0.42733333333333334 0.0115 0.012
0 0.6075 0.45966666666666667 0.01 0.014666666666666666
0 0.56125 0.53 0.006 0.007333333333333333
0 0.59125 0.5466666666666666 0.01 0.013333333333333334
0 0.6005 0.5413333333333333 0.008 0.013333333333333334
0 0.62875 0.4226666666666667 0.012 0.018666666666666668
0 0.684 0.44266666666666665 0.014 0.017333333333333333
0 0.67925 0.4186666666666667 0.013 0.014666666666666666
0 0.68925 0.4043333333333333 0.013 0.013333333333333334
0 0.6725 0.481 0.007 0.01
0 0.70875 0.528 0.0105 0.010666666666666666
0 0.71225 0.499 0.0105 0.014666666666666666
0 0.725 0.4623333333333333 0.008 0.011333333333333334
0 0.27925 0.495 0.013 0.01
0 0.223 0.469 0.006 0.012
0 0.162 0.38533333333333336 0.013 0.018
0 0.144 0.33066666666666666 0.0065 0.008
0 0.15225 0.33066666666666666 0.008 0.012
0 0.1425 0.24833333333333332 0.016 0.016
0 0.1765 0.37 0.01 0.013333333333333334
0 0.17675 0.37966666666666665 0.007 0.006666666666666667
0 0.1895 0.39366666666666666 0.0065 0.014666666666666666
0 0.171 0.305 0.0055 0.008
0 0.20075 0.299 0.0095 0.012
0 0.2095 0.317 0.0085 0.008666666666666666
0 0.211 0.3476666666666667 0.012 0.02
0 0.2375 0.31933333333333336 0.009 0.011333333333333334
0 0.24125 0.36333333333333334 0.008 0.011333333333333334
0 0.24975 0.363 0.0085 0.015333333333333332
0 0.27275 0.35633333333333334 0.0115 0.016666666666666666
0 0.3015 0.277 0.0085 0.016666666666666666
0 0.287 0.2783333333333333 0.009 0.008666666666666666
0 0.29125 0.3243333333333333 0.012 0.016
0 0.31225 0.2836666666666667 0.0125 0.016
0 0.313 0.353 0.007 0.014
0 0.3225 0.35733333333333334 0.01 0.014666666666666666
0 0.308 0.382 0.008 0.012666666666666666
0 0.2955 0.38033333333333336 0.005 0.008
0 0.31725 0.377 0.009 0.008
0 0.33075 0.2713333333333333 0.013 0.012
0 0.34875 0.3456666666666667 0.0095 0.013333333333333334
0 0.3235 0.333 0.007 0.011333333333333334
0 0.35 0.32666666666666666 0.009 0.014
0 0.3445 0.297 0.005 0.006666666666666667
0 0.31025 0.30033333333333334 0.007 0.012666666666666666
0 0.33125 0.3303333333333333 0.008 0.008
0 0.36575 0.2633333333333333 0.01 0.013333333333333334
0 0.37575 0.29433333333333334 0.0075 0.008666666666666666
0 0.38425 0.3323333333333333 0.008 0.013333333333333334
0 0.38725 0.3446666666666667 0.009 0.012
0 0.378 0.3446666666666667 0.008 0.016
0 0.385 0.36833333333333335 0.006 0.010666666666666666
0 0.4325 0.25366666666666665 0.0095 0.008
0 0.46775 0.2916666666666667 0.0135 0.012666666666666666
0 0.47375 0.367 0.013 0.016
0 0.4335 0.3636666666666667 0.006 0.008
0 0.492 0.315 0.007 0.013333333333333334
0 0.50175 0.31833333333333336 0.009 0.010666666666666666
0 0.4785 0.28933333333333333 0.0105 0.014666666666666666
0 0.52775 0.275 0.009 0.016
0 0.48275 0.26966666666666667 0.003 0.008
0 0.5185 0.35233333333333333 0.011 0.016
0 0.502 0.3353333333333333 0.0065 0.005333333333333333
0 0.55225 0.24533333333333332 0.0115 0.012
0 0.60975 0.3303333333333333 0.009 0.014
0 0.60375 0.321 0.007 0.008
0 0.6275 0.29333333333333333 0.0155 0.021333333333333333
0 0.644 0.3243333333333333 0.011 0.014666666666666666
0 0.59925 0.39866666666666667 0.012 0.016
0 0.64375 0.272 0.007 0.010666666666666666
0 0.67325 0.32966666666666666 0.012 0.013333333333333334
0 0.66325 0.372 0.007 0.006666666666666667
0 0.672 0.38066666666666665 0.006 0.009333333333333334
0 0.6505 0.3883333333333333 0.0075 0.012
0 0.6775 0.31166666666666665 0.0095 0.016666666666666666
0 0.74325 0.24966666666666668 0.012 0.013333333333333334
0 0.75675 0.364 0.007 0.014
0 0.72775 0.307 0.006 0.010666666666666666
0 0.37625 0.369 0.009 0.016
0 0.22225 0.19066666666666668 0.009 0.009333333333333334
0 0.19425 0.2 0.0075 0.009333333333333334
0 0.223 0.232 0.012 0.018666666666666668
0 0.293 0.22833333333333333 0.0095 0.013333333333333334
0 0.388 0.20966666666666667 0.008 0.011333333333333334
0 0.4145 0.17466666666666666 0.009 0.009333333333333334
0 0.4195 0.16433333333333333 0.008 0.009333333333333334
0 0.44275 0.16233333333333333 0.0105 0.012
0 0.4505 0.16133333333333333 0.007 0.015333333333333332
0 0.49075 0.15666666666666668 0.012 0.009333333333333334
0 0.47825 0.12666666666666668 0.008 0.006666666666666667
0 0.517 0.13933333333333334 0.008 0.013333333333333334
0 0.54125 0.15333333333333332 0.008 0.010666666666666666
0 0.58325 0.151 0.0075 0.011333333333333334
0 0.53 0.231 0.007 0.008
0 0.74125 0.12166666666666667 0.011 0.017333333333333333
0 0.68875 0.06 0.01 0.012
0 0.6595 0.069 0.0135 0.013333333333333334
0 0.66225 0.084 0.0095 0.008
0 0.6095 0.07466666666666667 0.017 0.016
0 0.57175 0.08066666666666666 0.011 0.012
0 0.5925 0.06966666666666667 0.015 0.016
0 0.57925 0.08433333333333333 0.011 0.016
0 0.57325 0.13266666666666665 0.015 0.017333333333333333
0 0.57975 0.12833333333333333 0.0115 0.014666666666666666
0 0.51125 0.10066666666666667 0.0105 0.017333333333333333
0 0.53125 0.09733333333333333 0.012 0.010666666666666666
0 0.5005 0.10366666666666667 0.006 0.006
0 0.47875 0.09633333333333334 0.0105 0.012
0 0.47775 0.11033333333333334 0.0115 0.01
0 0.4425 0.12533333333333332 0.0035 0.009333333333333334
0 0.46375 0.124 0.009 0.008
0 0.49625 0.12166666666666667 0.009 0.012666666666666666